				lex0.txt	lex1.txt
amis						X		43, 342, 1522 ¶
amours						X		¶
ca		X			X			1444, 1472, 1478, 1493 ¶
compte				X				¶
doigts				X				1703 ¶
emmerdes					X			¶
mes				X		X		43, 63, 225, 616, 726, 960, 1126, 1172, 1225, 1237, 1319, 1333, 1359, 1402, 1555, 1666, 1731, 1762, 1787, 1788, 1863, 1901, 2232, 2255, 2401, 2448, 2476, 2491, 2497, 2751, 2752, 2760, 2762, 2763, 2796, 2802, 2822, 2853, 2860, 2976, 2983 ¶
sur				X				57, 76, 108, 195, 233, 270, 294, 314, 353, 443, 465, 767, 864, 988, 1111, 1141, 1319, 1466, 1470, 1555, 1570, 1575, 1625, 1711, 1746, 1772, 1805, 1820, 1902, 1935, 2049, 2242, 2277, 2432, 2472, 2482, 2515, 2690, 2807, 2819, 2847, 2951, 2991, 2993, 3074, 3161 ¶
va		X			X			1120, 1394, 1412, 1636, 1889, 2077, 2215, 2377, 2396, 3038 ¶
